17818463125504 0
-903707161600 -308469846016
1824388062208 1223125267456
-384969697280 -853885622272
-1756777868288 397580856320
1276152897536 1415040123904
1241625396224 -1296269363200
-1101175068672 -912032324608
510059172864 77359945728
1433825132544 1101268281344
-903707161600 308469846016
18770277634048 0
-153417053184 -2399837169664
993375868928 136056963072
1370249374720 -220167578624
-636376545280 185336370176
-902565528576 -1539859877888
142801763328 -228429723648
1080877782016 878688158720
-2728131336192 -967685482496
1824388062208 -1223125267456
-153417053184 2399837169664
18692556882944 0
-416325524480 -1094663886848
830095751168 316878678016
-1724277390336 -137255059456
1004664317952 492899425280
1098330407936 -1585390977024
38314973184 1639610226688
1238721084416 -859710489600
-384969697280 853885622272
993375868928 -136056963072
-416325524480 1094663886848
18874916955136 0
486511552512 183879480320
2633062992896 -896062672896
-1753723371520 2268969583616
-1211025908736 -1370987650048
946906983424 942124890112
-1588211289088 -109746311168
-1756777868288 -397580856320
1370249374720 220167578624
830095751168 -316878678016
486511552512 -183879480320
19096358597632 0
-1126267789312 101355046912
384433652736 -1544187416576
18239517696 -160472567808
1297306076160 1938657202176
412196438016 -2352224328704
1276152897536 -1415040123904
-636376545280 -185336370176
-1724277390336 137255059456
2633062992896 896062672896
-1126267789312 -101355046912
18609800826880 0
-2099770053632 1137845499904
270032117760 -1051413400576
-1789502907392 -37450743808
-520996507648 -1287657525248
1241625396224 1296269363200
-902565528576 1539859877888
1004664317952 -492899425280
-1753723371520 -2268969583616
384433652736 1544187416576
-2099770053632 -1137845499904
17264528568320 0
458841873408 -545059407872
-2165390410752 -1150784018432
904103352320 -1650655511552
-1101175068672 912032324608
142801763328 228429723648
1098330407936 1585390977024
-1211025908736 1370987650048
18239517696 160472567808
270032117760 1051413400576
458841873408 545059407872
17240544439296 0
-762226740224 -149414554624
-1693117707264 1408100249600
510059172864 -77359945728
1080877782016 -878688158720
38314973184 -1639610226688
946906983424 -942124890112
1297306076160 -1938657202176
-1789502907392 37450743808
-2165390410752 1150784018432
-762226740224 149414554624
17404426117120 0
-203709726720 1119996804096
1433825132544 -1101268281344
-2728131336192 967685482496
1238721084416 859710489600
-1588211289088 109746311168
412196438016 2352224328704
-520996507648 1287657525248
904103352320 1650655511552
-1693117707264 -1408100249600
-203709726720 -1119996804096
17118500611072 0
