971351 0
50840 -56739
-91041 39854
-32090 50057
30303 99656
-8744 -12798
-93650 52702
-52217 -80833
-107396 -89430
66251 121139
50840 56739
1089324 0
-82700 -102611
-6419 12649
155491 -43327
60583 43602
7362 -6028
45468 -100991
-33222 -146453
-40233 143077
-91041 -39854
-82700 102611
1027934 0
-53352 -68394
115467 21636
115715 104963
-100978 -38502
8278 26604
129644 89762
75949 -182180
-32090 -50057
-6419 -12649
-53352 68394
1047914 0
-73793 61715
-111555 21589
-122209 13161
16216 -2651
-56158 78109
-15496 -67437
30303 -99656
155491 43327
115467 -21636
-73793 -61715
1148890 0
186917 -10003
-68061 80016
87090 32886
70213 5885
25072 -143758
-8744 12798
60583 -43602
115715 -104963
-111555 -21589
186917 10003
1066669 0
101818 26577
-26143 3900
15306 60407
-30626 20550
-93650 -52702
7362 6028
-100978 38502
-122209 -13161
-68061 -80016
101818 -26577
1051016 0
-42200 -24413
-173959 -60185
32009 -15457
-52217 80833
45468 100991
8278 -26604
16216 2651
87090 -32886
-26143 -3900
-42200 24413
1145237 0
9085 -106923
31262 87627
-107396 89430
-33222 146453
129644 -89762
-56158 -78109
70213 -5885
15306 -60407
-173959 60185
9085 106923
1020428 0
-72778 108796
66251 -121139
-40233 -143077
75949 182180
-15496 67437
25072 143758
-30626 -20550
32009 15457
31262 -87627
-72778 -108796
1199373 0
