17400842896 0
-882526525 -301240084
1781628967 1194458269
-375946970 -833872678
-1715603387 388262555
1246243064 1381875121
1212524801 -1265888050
-1075366278 -890656567
498104661 75546822
1400219856 1075457306
-882526525 301240084
18330349252 0
-149821341 -2343590986
970093622 132868128
1338134155 -215007401
-621461470 180992549
-881411649 -1503769412
139454847 -223075902
1055544709 858093905
-2664190758 -945005354
1781628967 -1194458269
-149821341 2343590986
18254450081 0
-406567895 -1069007702
810640382 309451834
-1683864639 -134038144
981117498 481347095
1072588289 -1548233376
37416966 1601181862
1209688559 -839561025
-375946970 833872678
970093622 -132868128
-406567895 1069007702
18432536089 0
475108938 179569805
2571350579 -875061204
-1712620480 2215790609
-1182642489 -1338855127
924713851 920043838
-1550987587 -107174132
-1715603387 -388262555
1338134155 215007401
810640382 -309451834
475108938 -179569805
18648787693 0
-1099870888 98979538
375423489 -1507995524
17812029 -156711492
1266900465 1893219924
402535584 -2297094071
1246243064 -1381875121
-621461470 -180992549
-1683864639 134038144
2571350579 875061204
-1099870888 -98979538
18173633620 0
-2050556693 1111177246
263703240 -1026770899
-1747561433 -36572992
-508785652 -1257478052
1212524801 1265888050
-881411649 1503769412
981117498 -481347095
-1712620480 -2215790609
375423489 1507995524
-2050556693 -1111177246
16859891180 0
448087767 -532284578
-2114639073 -1123812518
882913430 -1611968273
-1075366278 890656567
139454847 223075902
1072588289 1548233376
-1182642489 1338855127
17812029 156711492
263703240 1026770899
448087767 532284578
16836469179 0
-744362051 -145912651
-1653435261 1375097900
498104661 -75546822
1055544709 -858093905
37416966 -1601181862
924713851 -920043838
1266900465 -1893219924
-1747561433 36572992
-2114639073 1123812518
-744362051 145912651
16996509880 0
-198935280 1093746879
1400219856 -1075457306
-2664190758 945005354
1209688559 839561025
-1550987587 107174132
402535584 2297094071
-508785652 1257478052
882913430 1611968273
-1653435261 -1375097900
-198935280 -1093746879
16717285753 0
